-1.399710602682961, -0.745139413064134, 0
-2.0724105895473537, -0.08175302369532411, 0
-0.9797387604758154, -0.7753332929123626, 0
-0.4705200664924504, 0.034902467894998956, 0
-0.9976361000583084, -0.926996596585068, 0
-0.975569317667751, -0.2578887981572565, 0
-1.3431784921757035, -0.9428216813249137, 0
-0.4906476220959577, -0.9794460531426264, 0
-0.7194256658782403, -1.0027644091163805, 0
-1.6208350917496541, -1.7558460858902682, 0
-1.4128863987492606, -1.1164635356593473, 0
-0.6911141987396712, -1.1002448085028371, 0
-1.3546986938742096, -1.703150097947962, 0
-1.3992883239165437, -0.10335455520498738, 0
-1.082727279911401, -0.5077918380423643, 0
-0.5737762057879036, -1.1210072654091772, 0
-1.3254054721778603, -0.5370227267024859, 0
-1.292192908791665, -1.5720317602247578, 0
-0.9630479010863658, -1.4073374645647285, 0
-0.3967767000529454, -0.1701452979558471, 0
-1.6571791447454214, -1.399157052265065, 0
-1.4659850281950868, -1.3044295010630207, 0
-0.9375500248693887, -1.2568929273591536, 0
-0.6510424830950339, -0.314694332707225, 0
-1.0974965157449068, -0.5459597094991779, 0
-0.8585675680803955, -1.47660537713775, 0
-1.36314618589351, -1.5137872016621081, 0
-0.3823230545250431, -0.40340227041606036, 0
-0.773548163243865, -0.3525837698282651, 0
-1.1011384327929736, -0.45433842933254753, 0
-0.6023978222223013, -1.0015203628863927, 0
-0.45676349473486044, -1.5708612290991488, 0
-0.469132829843947, -1.195297009054137, 0
-0.5527049461316504, -2.1166206262065943, 0
-0.5218991950507776, -1.7201359503817792, 0
-1.435648316361946, -0.6976582971678046, 0
-2.443699747019202, -0.2697242786317231, 0
-0.7292523799687608, -2.0302222081261947, 0
-0.42009749423159226, -0.6693069340702968, 0
-1.98034574758202, -1.4511636660028064, 0
-0.4749444786219825, 0.01512118634208992, 0
-0.8443272004074768, -1.782128828287683, 0
-0.44715122794678286, -1.2712754989251265, 0
-0.6316581741621254, -0.027097201687091954, 0
-1.3335799729965745, -0.5642436999861083, 0
-0.49863356551696514, -0.691126986245918, 0
-1.153127486854441, -0.7928937516710008, 0
-0.8910059235288678, -2.159058309087449, 0
-1.6523706062591292, -0.872803961720217, 0
-1.157944115647466, -1.26198535721571, 0
-0.01919021859661174, -0.7837048188850899, 0
-0.758540163736258, -1.3024251145015406, 0
-1.3706186817319033, -1.5021014617745407, 0
-0.3924705182119964, -1.3656795958660104, 0
-0.6165460823802785, -0.3686849704121036, 0
-2.2089243075756366, -0.273807204360368, 0
-1.363324930221682, -1.4550115021359853, 0
0.22158021114406878, -0.9667571237894088, 0
-1.0192146976622352, -1.1939476159134275, 0
-1.8464501044728137, -1.068260901122227, 0
-1.7512223356974648, -0.823845085295153, 0
-1.634273892796787, -0.4292353522875483, 0
-1.2031558034528316, -0.864349590057807, 0
-0.6605429298541716, -1.1760119557199566, 0
-0.8785004090117531, -1.047998965076881, 0
-1.0207954909602683, -0.6185198088627218, 0
-0.7693668228766981, -1.035428577365254, 0
-0.666978777595933, -0.8013113658380162, 0
-1.1416178362180494, -0.8664336091227969, 0
-0.8950035049511014, -1.769693024912019, 0
-1.182361948871934, -0.5616535285961508, 0
-1.3602473663703507, -1.1602147053044345, 0
-0.31196644801993245, -2.1261211207397483, 0
-0.5609680835766253, -1.4023031289455457, 0
-0.44490755152243777, -1.3699956092037717, 0
-1.136516934374684, -0.5731636504313615, 0
-1.0191615898427004, -1.5280273393936983, 0
-1.2110421105813536, -0.7763409004829724, 0
0.29275041240055333, -0.9945236394958911, 0
-0.07161489037240931, -1.779683188084792, 0
-1.8663693677382587, 0.1280325989264246, 0
-0.8029789509296448, -1.8027804976131472, 0
-0.5814574067407396, -1.3153200947510175, 0
0.40880001256597787, -0.3592044841100429, 0
-0.7046140808792665, -0.986363913962553, 0
-0.3276321680255986, -1.9428237540244528, 0
-1.6007336073932117, -1.5796483793306857, 0
-1.0937868050913027, -1.0768213185870033, 0
-1.5537047954949466, -0.35342539084978775, 0
-0.8824291758245999, -0.9994455632185496, 0
-2.217048572110241, -1.0969179474725785, 0
-0.3777805712088329, -0.4899819986786562, 0
-0.6804884989819097, -2.152731238408353, 0
-1.451177389519199, -0.09928634238877976, 0
-1.7605715030447433, 0.1508158740769301, 0
-1.9950405792476533, -0.7334746305082018, 0
-1.1471278946778771, -0.8710252503894675, 0
-2.562018845982437, -1.0493723194702156, 0
-1.59320776848593, -0.7569793704402662, 0
-2.2654133545456046, -1.4901626315429197, 0
-1.3762801176529051, -1.7275461724573566, 0
-1.2737712154670393, -1.2735389922564626, 0
-0.9832259232096517, -1.229529172104297, 0
-0.9820588037591277, -0.5344915350776192, 0
-0.11419976914186702, -1.2845433736386003, 0
-1.0753449401344297, -1.3062465830441639, 0
-1.793716356648458, 0.19389477115724008, 0
-0.9539144174945584, -1.207214950871486, 0
-2.0538223014194577, -1.2017972158746537, 0
-0.7472334537459207, -1.4791406514340144, 0
-1.447321026592335, -0.3108413176382734, 0
-2.064355711626691, -0.890508423578558, 0
-1.3126327113527752, -2.0594858286096214, 0
-0.16344151663682283, -1.244808373223872, 0
-1.4674754070003453, -1.2322881142966726, 0
-1.255193787803605, -1.2224899420426039, 0
-0.4444945812621762, 0.19149590656421922, 0
-1.3626511847752774, -2.404998500696714, 0
-0.22410178725512042, 0.20662176493365236, 0
-1.7685722098717038, -1.4956378220049804, 0
-1.548854459190907, -0.5606329937653642, 0
-1.9036206799697069, -1.0798184532423374, 0
-1.3674889720713692, -1.305567699696546, 0
-2.0021602972572623, -0.31511022888558926, 0
-1.0700789836023967, -0.400686147334416, 0
-1.4384209628694786, -1.0596292526133602, 0
-2.7770169768161876, -2.4747612662232568, 0
-0.4381662779086355, -0.5916995921528561, 0
-1.2047193084650887, -0.4561633744461677, 0
0.2867552769945667, -0.26415588844067583, 0
-0.7187482076826903, -0.8326891963345884, 0
-0.5767712761518866, -0.9418391685483621, 0
-1.365463366433532, -0.929588955217742, 0
-2.0727370903930638, -1.2490921537887327, 0
-0.05050783099584222, -0.3414927572336497, 0
-1.0057657093844994, -1.655168250847414, 0
-0.6432504456470223, -0.8002701957137218, 0
-1.535023275048693, -1.3857691917459702, 0
-0.9010593341981343, -2.0855380619030237, 0
-1.3464498825547884, -1.4868647096155663, 0
-0.1855437228599114, -0.4050159507926211, 0
-0.08438735930936891, -1.230839597439047, 0
-0.43990020874455504, -0.6309034485199211, 0
-1.261597964456486, -0.5355190922784743, 0
-0.6177205134912834, -0.7594724726313429, 0
-1.251838876945468, -1.4003262532304126, 0
-1.2882906829129248, -1.3493485667103853, 0
-1.5135408838605628, -0.5587031272236067, 0
-0.5632425274730696, -1.02722611692528, 0
-1.3747936517657964, -0.4953158416207398, 0
-0.7248460648053296, -0.7304125396136778, 0
-0.8480302134690294, -1.9513519341622452, 0
-1.1143846897995153, -0.7708690835496214, 0
-2.0414896932512256, -1.8188702635568816, 0
-0.8588643473203399, -1.7298720534417145, 0
-1.2424365789140084, -0.5458781272870264, 0
-1.0096793295840871, -1.5710256563114817, 0
-2.5476890548581355, -0.9354933784434941, 0
-1.2495360536459243, -0.8425466272405818, 0
-0.7226008391966636, -0.6061001291356327, 0
-0.8946997570762563, -1.8297156269249986, 0
-0.29970069569514723, -1.0074352515042546, 0
-0.672192846479355, -0.4736063831648992, 0
-0.984834340927824, -0.6003459985407198, 0
-2.1498992123380942, -1.2652554073009545, 0
-1.6815957095982859, -1.0990617847749107, 0
-1.4618370852334348, -0.5489303508186607, 0
-0.7737705372901955, -1.2482633600052686, 0
-0.4516398080626751, -0.8689112789985598, 0
-0.030586661748803534, -0.2959189746967522, 0
-1.6214264360320743, -0.7623746918986172, 0
-0.8784202208543275, -1.269916952357685, 0
-0.8108591063270582, -0.7892792222447799, 0
-0.14992337910706222, -0.931858124176435, 0
-0.4890539789927383, -1.0110871561333306, 0
-1.0327967825293778, -0.05812949541197465, 0
0.26461709305450887, -1.5533185120372635, 0
-0.4366588136442404, -0.5734706177903794, 0
-2.0623646492738237, -0.8110221970546945, 0
-1.2909077615755296, -1.3838268040400994, 0
-0.3807765981887551, -1.4569813164208276, 0
-0.11932610417503242, -0.3308930526425402, 0
-1.5190416880323383, -0.7915473899676251, 0
-1.8363795628476787, -0.533104799997522, 0
-1.3784374019434544, -0.9957178293669943, 0
-0.2693550512513292, -1.3580996094356659, 0
-1.584289633894554, 0.6804381110072584, 0
-1.38189779298737, -0.9648094963341267, 0
-1.1502221703941802, -2.1026360663758865, 0
-1.4565800816201129, -0.7900354169358801, 0
-1.7233247370126024, -0.8800852268362834, 0
-0.9328211710181501, -0.9577716841216143, 0
-0.2560939147257568, -0.9982529033719424, 0
-1.847875185127032, -0.48261113044895065, 0
-0.42789092690140274, -0.9923497959188232, 0
-0.33481044931403037, -1.4358361229300138, 0
-0.919304296195632, -1.2099215802602412, 0
-1.5515646367097846, -1.7271377360968325, 0
-0.43220311197875017, -0.8278459541887022, 0
-1.3750697225533917, -0.5016104123627525, 0
-1.1855458292015295, -0.7831811864354141, 0
-1.0243144615517283, -0.69123334891353, 0
-0.48948007622540013, -0.5388507662373401, 0
-1.5175581706409622, -1.3233216372195482, 0
-1.048431870802225, -1.5779695716769375, 0
-0.34039554679042583, -0.2970345387834801, 0
-0.6646351866543123, -1.078166520026523, 0
-1.9592564552593368, -0.6050413283625771, 0
-0.5590621321743614, -1.366291823867647, 0
-0.24312921643699426, -1.228537332608702, 0
-1.7829260899058195, -1.678972708843292, 0
-1.1807128379580754, -0.981086440731237, 0
-0.8663242967002471, -1.2414567810053918, 0
-0.6647302473888395, -0.07851575549504541, 0
-0.844989372701148, -1.0140387982789199, 0
-0.7394752405230194, -1.41272901138348, 0
-0.9659352359609551, -0.9241621259798394, 0
-0.7194582928190605, -1.2225575839754015, 0
0.1690536283144659, -1.733129700404969, 0
-0.5380156352759426, -1.748320858127659, 0
-0.8931654494494236, -0.8399731630549765, 0
-0.0625846306264285, 0.05866180994895709, 0
-1.0127896491514055, 0.19766354516132112, 0
-0.38598799384285765, -0.8825851968584557, 0
-1.5075544251371258, -0.9975220299560457, 0
-1.2200430597384422, -0.7730508311390519, 0
-1.0702697729154564, -0.24693762092233684, 0
-1.2791975341718422, -1.2523703536057997, 0
-1.173350570389868, -1.192822397445507, 0
-0.7186213535879462, -1.3754539130201289, 0
-1.5836747487594072, -0.8618859954887291, 0
-0.7627228314394715, -1.3124057689158075, 0
-0.7572838691799872, -0.6955912612054619, 0
-0.04974557869506924, -1.5116324287903242, 0
-0.7039072869107579, 0.5139990585107206, 0
-0.5367512300900253, -1.5329468339629133, 0
-0.7210214824604382, -0.9322402188519502, 0
-1.0573067164907641, -0.31092494795972814, 0
-1.065669797685766, -0.7361521293650077, 0
0.05014263200172531, -0.9976949495201746, 0
0.00801044629274239, -0.9892575784330079, 0
-0.20380090069916135, -1.7596075919583436, 0
-0.5694706089507242, -0.6686037198877335, 0
0.07438666827380747, -0.8373503850632864, 0
-0.0064737859425813005, -1.0415863512704528, 0
-1.1437071675042065, -1.3660544202395886, 0
-0.28846945678351743, -0.3904586777131793, 0
-0.23348561005243085, -0.3626814195858987, 0
-1.3480627956065216, -1.2898488757271294, 0
-1.2385524654323097, -2.226472945342746, 0
-0.6466106771265016, -1.2390226364922121, 0
0.3025483705645733, -1.4409426475379443, 0
0.10413798428524079, -1.1432329156620402, 0
-0.735831930274519, -0.06163373595390931, 0
-1.0261095148853079, -1.5224313188144403, 0
0.18579806249269626, -1.7261064569702653, 0
-0.965351912256818, -1.2187156304775861, 0
-0.7428174260282625, -1.7753999985534366, 0
-1.1423999594320409, -1.0244734379431069, 0
-0.41410677291330167, -1.029827697775694, 0
-0.8667252938828234, -0.08792605896146843, 0
-0.8827632096639476, -0.3622011803548476, 0
-1.475789936777325, -1.137810140762895, 0
-1.317784269163131, -1.0196146582083419, 0
-1.1402986883735233, -0.8640089753881399, 0
-0.15378622151855426, 0.12213010114448619, 0
-0.14506971915234856, -0.9221573147569639, 0
-0.2759200131288876, -0.8279786216083118, 0
-1.481160071254, -0.7577329597427648, 0
-0.06982805265638337, -0.6944792031067145, 0
-0.257158885751268, 0.08259258686376225, 0
-1.4400666434315343, -1.1567213230370084, 0
-0.7965531105148326, -2.0334137878301735, 0
-1.4189474193845133, -0.9149864742031705, 0
-1.041034517412775, -0.13467053108309346, 0
-1.4208987349623485, -1.2928317289853892, 0
-1.4041459575500326, -0.26349075142140854, 0
-1.6571657858727225, -1.0196254973259335, 0
-1.5268974886901185, -2.6480825255868057, 0
-0.7147068869459358, -0.6827618258925746, 0
-1.4891741723221597, -1.059745220692832, 0
-0.7018607606380598, -0.8209642184283008, 0
-0.36616946682622376, -0.30669171961701913, 0
-1.3847202117739108, -0.26719924856780386, 0
-0.6665232773674686, -0.8194013642280819, 0
-1.1126177839846454, -1.6681654919413273, 0
-1.2773611810947179, -1.249622188158607, 0
-0.5405930819169648, 0.055398758155005945, 0
0.13155950142039075, -0.8838464798898225, 0
-0.4800865048131978, -1.1797787315550863, 0
-0.4689090081593301, 0.20825639749486724, 0
-0.7287000836625219, -1.2896374913742537, 0
-1.7402876360013368, -0.4936735554437274, 0
-0.09794851642537128, -0.9148829880689823, 0
-1.6077278403955293, -2.614598010514518, 0
-0.8158952672639969, -1.5114001014629244, 0
-1.6370096439064517, 0.0063789692436713175, 0
-0.4207599163682407, -0.6788407514557655, 0
-1.5725043702185912, -0.42136566506243955, 0
-0.3038845344380121, -0.9334518257002866, 0
-1.9559346667747466, -0.8063595469168429, 0
-0.705691612573369, -1.0458238812990248, 0
-0.9324607858926627, -1.1572075901524954, 0
-0.002654473054202522, -1.8548839406229267, 0
-0.48752623389405947, -1.2857226747594566, 0
-1.1891458519406446, -1.1643234381465835, 0
-1.4617341561058195, -2.3089576044007467, 0
-0.42635204430826956, -0.5613297456623291, 0
-1.567228112851683, -1.1044662482191059, 0
-0.2272823980253731, -1.5264576705302522, 0
-1.1871313610258725, -1.34728251518411, 0
-1.2354046747869265, -0.7845817581911442, 0
-1.5043366748187847, -1.3130039148610373, 0
-1.1505910809885775, -0.9449890303707261, 0
-0.9914242548949713, -1.1864116084034333, 0
-0.6609416694921257, -0.7224711110280406, 0
-0.3790790059768572, -1.810354310206046, 0
0.5524666088470462, -0.5983525389828894, 0
-1.1367931366384725, 0.3465421925451171, 0
-1.383718607206241, -1.9813744867309993, 0
-1.8834823630708508, -0.6087101208134915, 0
-1.2005516330129742, -1.7705215195050448, 0
-1.2352013528384673, -1.0934101201933868, 0
-0.2667258056169386, -1.1326264571937086, 0
-1.1260404167136493, -0.9887254739317453, 0
-1.3831213030940148, -1.109296744577153, 0
-0.957143502842956, -1.1034582057795594, 0
-0.8457360710626548, -1.6808380407141645, 0
-0.7735948249594846, -0.8505640751111461, 0
-1.0621525422257376, -1.8569485443958191, 0
-1.2027697016136447, -1.4464640460528038, 0
-0.5047460274615614, -1.282411707120665, 0
-0.47682176333615134, -1.4925060907378769, 0
-0.5838259071921554, -0.6150128725537459, 0
-1.549849765401105, -0.11060224735513047, 0
-1.7468602030349267, -0.9431173219093525, 0
-0.9562230517899135, -1.2276252589048786, 0
-0.6229793631817631, -1.2161484539584084, 0
-0.7284536056543874, -1.7675187435254993, 0
-0.07349586575918698, -1.368567351008358, 0
-1.6859756642346095, -1.2443692683410292, 0
-0.7222516828215102, -0.4715817704257502, 0
-1.2923067832011113, -0.3883386031059165, 0
-1.0775988665020184, -0.6105353325741304, 0
-1.2824270702071687, -0.37990367163445826, 0
-0.2992883366261758, -0.4659404920014668, 0
-0.9195395830462002, -1.65093594293468, 0
-0.27739601608200537, -0.057975366637159076, 0
-0.008357607797838007, -1.1367995930665267, 0
-2.4052318627490883, -1.4032629488161006, 0
-1.3162008182255653, -1.7479448581879025, 0
-1.442953026507677, -0.41339074853973334, 0
0.109355757800639, -1.377729345424588, 0
-1.00383037231882, -1.565670091041733, 0
-0.7016525214537899, -0.9757860454493873, 0
-0.43470205634059644, 0.12786233764003496, 0
0.29091692732753804, -1.2031443937017479, 0
-1.3822793447757684, -0.9611962504969958, 0
-0.7570064498055328, -0.43493587688895374, 0
-1.8875397549748403, -2.113556118303169, 0
-1.0586210023132505, -0.3296262325471483, 0
-1.9226314495556638, -1.0939930619309945, 0
-1.5873504318797445, -0.8786387031888978, 0
-0.8090807632598453, -1.2882692561919828, 0
-0.6190502230692825, 0.08355501065346904, 0
-0.7824877009327114, -1.9061708302743687, 0
-1.0285647151481991, -1.0577501121906054, 0
-1.2940971593965875, -0.6724818270444161, 0
-1.2160598702779364, -0.40515518720243116, 0
-1.1975813687017376, -0.6263225707594273, 0
-1.4400405188146363, -1.1506364820443495, 0
-1.6785726021621363, -0.8986883915465077, 0
-1.0473207937789324, 0.0022754009318879387, 0
-1.9414584209461454, -1.0046685501343373, 0
-0.8712059909001391, -1.5273844310885654, 0
-1.5239688630429358, -1.5108917699953313, 0
-1.4760840154595716, -1.2776021998861558, 0
-0.7965943830761404, -0.6873363657894037, 0
-1.1203747320736357, -0.4940292796308716, 0
-0.8845536071272329, -1.1842965829863548, 0
-0.9912867161996003, -1.8172551071325351, 0
-1.8532537488949998, -0.741459535360331, 0
-0.2886547017246013, -1.4995041108088931, 0
-1.8075728823739132, -0.1872587411183464, 0
0.08156918986697059, -0.4173316113739922, 0
-1.9204951573099989, -1.4267243945955763, 0
-1.6705781358087077, -1.1329201504556448, 0
-1.858297720361139, -0.2012285122370392, 0
-0.22314682653024043, -1.564234471985718, 0
-0.6209669657377892, -0.5335986483091151, 0
-2.0083386788582853, -0.7985141787933963, 0
-0.27048366532177237, -0.792830282291818, 0
-1.0414217890681516, -1.5105096485044716, 0
-0.09316979864184483, -0.19995170784612537, 0
-1.5853204603341955, -0.23371586095653973, 0
-2.369298846860398, -1.7733049670601702, 0
-0.9036850842909794, -1.2894140152835345, 0
-0.8575776718929223, -1.9365417225227834, 0
-2.2907860610473305, -0.5601882472990951, 0
0.0828659236879552, -0.7644550542277171, 0
-0.05384264615720369, -1.1027311911671605, 0
-2.0372516618730905, -0.5867779629327399, 0
-0.9023489921644272, -0.6905701880685842, 0
-1.0163732697267747, 0.6776045353028903, 0
-0.6737698326993966, -0.12770797889831786, 0
-0.9445372031526881, -1.8214356047029154, 0
-1.9311780902861875, -1.3379692813463562, 0
-0.8142959634795098, -0.8449238361732047, 0
-1.498498339495476, -1.3289058617127814, 0
-1.6379023919808104, -1.2457068987545274, 0
-0.371748272582356, -1.223204449296072, 0
-0.14606867054068562, -1.479616733190183, 0
-0.562579999821633, -1.5647528225272902, 0
-0.8247117966196533, -0.7937238133689124, 0
-1.1904911651387415, -0.2236234747131347, 0
-1.1223027795195586, -0.4442857354327362, 0
-1.1481270824418768, -1.9417433616051307, 0
-0.41662248307852123, -1.4723669189664221, 0
-0.7143963363108744, -0.9175607381702675, 0
-1.5467980174158233, -1.6859092091113865, 0
-0.7571402005950676, -0.10183848995092515, 0
-0.5495879247335889, -2.772638728081036, 0
-0.6802081557408918, -1.7870383528918852, 0
-0.8474009546687656, -0.7070573740213149, 0
-0.9147421106452743, -1.8429029550608265, 0
-1.8988786231457584, -1.293363903206726, 0
-0.5257447714046481, -1.1374080383090186, 0
-0.9942472827900567, -0.9143870128305859, 0
-0.9270890394269427, -0.7852999681753576, 0
-0.9122174503191053, -0.818902045500946, 0
-1.5547248422624462, -1.3095800242830622, 0
-1.2940122513172594, -1.1970296410002592, 0
-1.3264354140411823, -1.7940776401864804, 0
-1.4594385677735016, -1.1211634818634695, 0
-0.5888449656493051, -0.4376367749508351, 0
-1.4269413175274162, -1.2337139453147445, 0
-1.8984024602625476, -1.3454384144411904, 0
-1.677848056112596, -1.334011103076854, 0
-1.4280429479863552, -0.8429603699824384, 0
-1.5496701675979114, -0.8855809181390304, 0
-0.7294923956124935, -1.578130552192572, 0
-0.7849257997860015, -1.8838507192283287, 0
-1.7897423594133473, -1.4072443623996251, 0
-0.16395762356789, -1.0737642815742734, 0
-0.937396362364896, -0.193213710010382, 0
-1.4239506109441782, -0.09654333826426353, 0
-1.5827764482433806, -1.6591935209354798, 0
-1.4965164097786523, -0.7905289029845146, 0
-1.4528602253596996, -1.0004863538443303, 0
-1.8090926496954074, -1.5768652409187194, 0
-0.7649377771121721, -1.2123486910034518, 0
-2.235563182031835, -1.0192228294430028, 0
-1.7235592586181565, -0.7101825266425741, 0
-1.7022351681120846, -0.19658167461423448, 0
-1.1993878558459266, -2.1137040557376867, 0
-1.7360238186919696, -2.103276269615589, 0
-0.42466539324296704, -0.9688741421333247, 0
-0.7237431721864671, -0.598952097155619, 0
-1.1605776277663467, -0.7603378920038598, 0
-1.028372433356529, -1.4059978761252494, 0
-1.8988918812034346, -0.5089507745601796, 0
-0.6587040664907513, -0.20763856541515846, 0
-1.2672253583620656, -0.291911647838083, 0
-0.9246931066286299, -0.6354520474715417, 0
-1.3987548435774109, -0.01161044688471069, 0
-1.2538613419113696, -1.3529621517867239, 0
-1.4337200359365387, 0.0030281572640300514, 0
-0.3817516828544797, -1.3468796573715855, 0
-0.9551884958947656, -0.9400334045569614, 0
-0.5078448522983422, -1.042448926943508, 0
-1.466256640627566, -1.806100151396003, 0
-1.4647235671509944, -0.9680991925645775, 0
-1.420312499233583, -1.5796505940786212, 0
-1.3179287838292106, -1.3888945784820321, 0
-1.4614189692982977, -0.7643911773767978, 0
-1.1167661836298246, -0.5303024929182112, 0
-1.1452543417324195, -1.520350953246751, 0
-0.45390162119894917, -1.156839778999614, 0
-0.8407406976168824, -1.2045719070626453, 0
-1.7490935180008949, -0.3000114158024758, 0
-0.5929758463463495, -1.248618412675488, 0
-0.6568917573906247, -0.45113811843587426, 0
-1.0001676264086112, -0.6772227070737791, 0
-0.5628603554365993, -1.9650952515828597, 0
-0.8845296101899884, -0.9879054861151628, 0
-2.1827956087541347, -1.4851830631056055, 0
-0.8484001027714188, -1.0088240262184731, 0
-0.5389518233855239, -0.40671096027603193, 0
-1.6010273295305526, -1.6398152063671878, 0
0.07444299726483616, -2.0517803789067433, 0
-1.0371524631028826, -0.5142535527563823, 0
-1.265718429305246, -0.8699734360481761, 0
-1.8081072833443685, -1.3010892786191035, 0
-0.9669398545672516, -1.3031576580753628, 0
-1.196614374070437, -1.0485667366588258, 0
-0.4097428259477254, -1.4775417420687913, 0
-0.6714631215165983, -1.3769786494234184, 0
-1.8970629771235235, -1.5881416349632764, 0
-0.8913087595047521, -1.0182822507758995, 0
-0.09841877895228357, -1.2438938381484137, 0
0.6564685465665339, 1.3701744766459647, 1
0.5237800196683995, 0.515190545588573, 1
0.06104444308371426, 2.164693410391143, 1
0.24259818707948644, -0.18150734938202207, 1
0.2529993642621957, 1.1270277001981432, 1
0.07640589988480317, 2.0794720308639647, 1
0.5946336474961338, 0.759861768403288, 1
1.2604047217615788, 1.3799126263318477, 1
1.050174970409862, -0.02788484751885001, 1
0.648290913257563, 1.779248097062629, 1
0.19061637770240225, 1.263081963877646, 1
-0.5625672735415437, 0.7105745593932289, 1
0.6458180827748491, 1.669446277848972, 1
1.112207854241147, 0.9288872835446846, 1
0.5272035935126225, 0.9293292351737261, 1
1.1350084155525821, 0.46539548004432507, 1
0.4482037438592775, 0.9983695703949824, 1
1.5558889010728947, -0.7778055128075609, 1
1.2512964643823126, -0.3985344743948911, 1
0.6940458094533134, 0.686013062406136, 1
1.5855247326619453, 1.7126057964643826, 1
0.5285490231032248, 0.9513222214232606, 1
1.9748895821080006, 2.0555901970113624, 1
1.3719907825878732, 1.087451933372595, 1
1.22251901061929, 1.6480126619945992, 1
1.441308723569035, 0.30188151975321975, 1
0.8961286884135533, 0.4625917425731547, 1
0.6240766096894788, 0.9309457128426394, 1
0.12490983784369292, 1.756475662494383, 1
2.169159479696889, 1.0592949899745765, 1
1.3645302870119265, 0.00403592853125101, 1
1.349363710159074, 0.9819796068833051, 1
1.5872693591268425, 1.7987306823916869, 1
-0.13893848758405447, 1.0050843580991655, 1
1.174689549371711, 1.291471493139518, 1
1.6925621759194178, 1.1537392930205066, 1
0.35061134748851364, 0.5626184362387312, 1
0.264335672459052, 1.9046924888904215, 1
0.6404573542238927, 2.0450602098171866, 1
0.48777562365579086, 1.0626222142996742, 1
0.688238570369786, 1.0905903177348546, 1
1.897405277320182, 1.0554245405685816, 1
1.1316950759487057, 1.6349978788376336, 1
1.33733813068585, 0.714170429366053, 1
0.2971923233501641, 0.7039050873777275, 1
1.303392216987198, 0.49133249945150237, 1
1.0537551632937925, 1.0060023551457935, 1
2.5253586014380667, 0.36261767738474526, 1
0.46616380319443473, 0.5239946589678797, 1
0.27282359078052687, 1.2102591226682613, 1
0.5558630735565856, 1.6041664436491572, 1
0.8966456214267795, 0.9213884079982493, 1
0.7910916723514073, -0.16848691610376765, 1
1.0923184383934283, 0.7347789237581687, 1
0.2768264523812215, 1.905062670498245, 1
1.0725210353806256, 0.28163155574346355, 1
1.5092211680117789, 1.4427794573217148, 1
1.0435837375898898, 0.4988689597975623, 1
1.2614266570374608, 0.4198082314241316, 1
0.6036769463991903, 0.655677386859347, 1
0.5100048627895157, 0.9827912056120588, 1
0.28373272885571554, 0.6374104801654821, 1
0.9973888221783693, 0.9740109011640974, 1
0.6078184945965581, 0.7676035296945066, 1
0.5446236486505719, 0.44598508516792135, 1
-0.00955390342393958, 0.9531748099682682, 1
1.0374735689748376, 1.4075287539717967, 1
0.5736346211676778, 1.4187357722271308, 1
0.03240004763471571, 0.1100740411794151, 1
0.567482865981494, 0.6028324876861162, 1
1.4725769145140835, 0.32173122568724544, 1
2.1258040278358488, 1.2610533665059966, 1
0.18023555326636354, 1.6946651647200195, 1
-0.012373872019130427, 1.1671332658720213, 1
0.46376183431793405, 1.4387363507736688, 1
2.291366958602314, 1.2510570280873905, 1
1.439206730328487, 0.7790767938272486, 1
0.9483221589932039, 0.10472145971676194, 1
0.23306610856595011, 0.927868237403096, 1
0.9260361710222742, 0.4629531350312067, 1
0.7573809281118773, 1.2155240736533934, 1
1.5359713956329795, 0.5797801413639626, 1
1.1285924060734704, 1.0774057822635843, 1
0.06973811769724214, 1.9324951331371794, 1
1.5052751585060609, 1.4085118281611497, 1
1.8571485501869294, 0.16013450186277944, 1
1.206175633865002, 0.7643378184630862, 1
1.203639960779537, 0.6574941995205354, 1
1.0398813226935912, 0.6397836101253219, 1
1.4389324342856378, 0.6138490363030017, 1
1.6923128182820015, -0.318712295955919, 1
1.6876525185777909, 0.8119094010781315, 1
-0.1782064000750201, 0.8880759594745715, 1
0.3067620520870574, 0.5599477140465128, 1
0.12209144711332343, 0.7565474423604209, 1
1.6337228244003938, 0.9049433477038195, 1
1.0025922211833618, -0.23756981533963173, 1
1.3440074176806904, 0.3549014409754898, 1
2.5523661266511146, 1.4785795796755452, 1
0.5290370743440918, 0.43588323930831263, 1
1.0668324758618022, 1.418749554284774, 1
1.8488310109995614, 1.1694292986151575, 1
0.22142929837802106, 0.9950948397838318, 1
-0.19778835081334867, 2.1009338725687456, 1
1.6559247861596358, 2.003387438051477, 1
1.2042526779998792, 1.4058732907244624, 1
-0.2700010228817158, 1.4979114108449032, 1
1.8127223410445255, -0.0300213871445818, 1
1.2664731424730205, 0.9411056206048238, 1
0.8006888972560471, 1.266834973734793, 1
0.6208858328101934, 1.2233331569846995, 1
1.3690026626096512, 0.8271797652151167, 1
0.9825466996717922, 1.1699052729425432, 1
0.6757096824839806, 1.242476254494774, 1
0.7082401304278869, 0.7392094970338087, 1
1.0732442105383897, 1.0917733686652764, 1
1.067565745436554, 0.07384756204529586, 1
0.3033065420168699, 1.4685412276300647, 1
1.3670701103295246, 0.9737876170123674, 1
1.3615484358621062, -0.7191601960190965, 1
0.6593556915596612, 0.7953624038388445, 1
0.7121348317623628, 0.42156945299938775, 1
1.2701990479034038, 0.8908309929937239, 1
1.0651207708490518, 0.8664728209452642, 1
0.05469956025169309, 0.6265514022550054, 1
0.9910532189665794, 0.5799192917471856, 1
0.8129175550384384, 0.5817486641074808, 1
0.7171002175821881, 1.9948344778445333, 1
0.8352274547437945, 1.3864088590271288, 1
0.9582412530980418, 0.8162982352845372, 1
0.721716751021434, 1.931665743197578, 1
0.004214358089212333, 0.4578232080804311, 1
1.0882672199712182, 0.9711069942065705, 1
0.7589436769696856, 1.1580740073341704, 1
1.0907271761906123, 0.7403854576221849, 1
0.9821010736060364, 1.262114388798392, 1
0.6856054224569298, 1.7688630648716066, 1
0.8033991767146891, 1.7777711845936632, 1
2.098393092300647, 0.6622211041259363, 1
1.224885789655497, 0.8303510547703471, 1
1.0590190634982677, 0.1538241981216253, 1
1.546829352291112, 1.594734722527511, 1
0.8638790195042895, 2.39338683333185, 1
0.8181210542115159, 1.0480284850294743, 1
0.18449147157903767, 1.2429493788316885, 1
1.1337424826842497, -0.7522901234851844, 1
1.231508730017018, 0.689603639814224, 1
0.31016512884449754, -0.14010527109499815, 1
1.2390401073486457, 1.341193647139488, 1
1.122450037725089, 1.1934115299341495, 1
2.1360577993838556, 1.352167325514944, 1
1.4531428999347455, 1.4765889152643146, 1
1.5450087800376104, 1.4544521797278886, 1
0.6758112372509678, 1.1631700016563176, 1
0.9170266753099988, 1.4724473888065022, 1
1.0216690097559835, 1.0549439842473325, 1
1.7526973340315188, 1.1270713763782734, 1
1.2216554746830866, 1.1574454971125219, 1
0.8316596116740899, 1.5943802663532676, 1
1.0785893567990918, 1.9473780308008886, 1
1.0396416723132, 0.8381803660976785, 1
1.9240417716327727, 1.3343144552272497, 1
1.4488171191434054, 1.7942299684004817, 1
0.1340592558313355, 1.2985111166860008, 1
0.9690634032729238, 1.1117634042179647, 1
1.07235308290381, 0.962842858662535, 1
1.0274837823862655, 1.137180737980691, 1
1.524073204395758, 0.00923913696041212, 1
0.9607099313871033, 1.1726019442772722, 1
0.5415296998684828, -0.10943669636603093, 1
1.9256049683054126, 0.7552315393379785, 1
1.3482989643799574, 0.5203899916076961, 1
0.9123598571574989, 1.022197792556733, 1
1.5745594421547668, 1.5493344986256714, 1
1.1467408463885127, 0.7013019977734689, 1
0.857046569827333, 0.7151045021774364, 1
1.0999805712130386, 1.800898757842556, 1
2.4396769364304447, 0.9576026220675058, 1
0.5069074352258258, 0.930171983175027, 1
1.1592126830560032, 0.4410551450913769, 1
1.662183262275302, 2.238670010651946, 1
0.6031769238188693, 0.5804620645046102, 1
1.6858653618863975, 0.09485343471485419, 1
1.5763185636443335, 0.6968152335704902, 1
1.5152091016204956, 1.1306351276307474, 1
0.4849027576139494, 0.7510493504935503, 1
2.0538392235734473, 1.6267523695686337, 1
1.6287143487768776, 1.638548370409675, 1
1.8828426445056254, 0.5640920858781614, 1
1.874234106176647, 0.7475163813352644, 1
1.166856350764525, 1.500708759829634, 1
1.5879123332614333, 1.1805363421508392, 1
0.9166750387992729, 0.03457938766866997, 1
-0.17583122148888508, 0.8931177453683838, 1
1.7839797389611785, 1.6568909068831503, 1
0.9531580790923508, 1.5913772162148014, 1
0.7639702990219794, 0.8342016588703389, 1
1.515560601441389, 1.7425483331925953, 1
1.5154614166120506, 1.428100151890444, 1
0.3769523654182536, 1.1352611471520953, 1
1.069898163631979, 0.43931776472315, 1
0.7855327738074289, 1.0945784151908484, 1
0.8179751523312011, 0.3946728587834061, 1
1.2482383344823353, 0.42834737704133363, 1
0.1390530174909259, 1.9238653030645825, 1
0.9748889761760462, 0.8246327664306541, 1
1.4135414385589835, 1.2166819868820562, 1
-0.0039419178303476965, 0.943529471161697, 1
1.1083544053420427, 0.4873395816243379, 1
0.7313250979261925, 1.754303601201988, 1
2.1436981927035594, 0.7079888900942434, 1
0.43625226815069285, 1.3257617466998415, 1
1.052657827419079, 2.2290292010778794, 1
1.5068007611680645, 1.5449904368579035, 1
1.0151481245991893, -0.9229626849301242, 1
0.6049895456018048, 0.8642874077983875, 1
0.9364563088962583, 1.5829618471242115, 1
1.2660143422879626, 0.36307778724793427, 1
-0.0005765941113515805, 1.0722223082726192, 1
1.871224458682715, 1.4877878262582862, 1
2.2640148924759083, 0.524196160418197, 1
0.7234841918814867, 0.5196112325747784, 1
1.0398880679460532, 1.763592260354185, 1
1.4889378925146781, 1.1030907315159282, 1
1.3339209322716417, 0.7450625403169203, 1
1.0699291190741136, 1.2430750136110038, 1
0.23586051067092983, 0.6079771314649731, 1
0.8140296654786106, 1.3077058405125954, 1
1.5497971892752809, 0.6972467249462615, 1
1.0412214058882931, 1.6419609462311868, 1
1.7381363220795816, 2.2494995053594726, 1
1.2263571536640452, 0.7858575679094446, 1
0.8316998013184087, 1.667106912493367, 1
1.0191772792628762, 1.804039291891319, 1
1.7873531204037807, 0.4247027956997491, 1
0.5857421937315067, 0.8816888514861643, 1
0.44988841688727377, 1.0229499486730038, 1
0.3262301828042209, -0.09168463326429865, 1
0.1846194731621239, 2.0360673184257596, 1
1.841194493791706, 1.1628407425899583, 1
0.64546218646344, 1.1111417564145138, 1
0.14066405715911856, 1.2589565991770284, 1
0.9094092239968014, 1.4356745485573912, 1
-0.709464421098098, 1.966116111000816, 1
1.8600930267814122, 1.1452950427191688, 1
0.5949105292869172, 1.2481600333715912, 1
0.7682483782725564, 1.967004694042, 1
0.5416322061610045, 1.4204564424321053, 1
1.7178785967789207, 1.154763789116967, 1
-0.00309320943609781, 0.8657227189750085, 1
0.4647756114490328, 0.5327123664360219, 1
1.755689758426005, 1.922608006320701, 1
1.4543268200835993, 0.5618443207969203, 1
0.9695247432396614, 0.46936477343635175, 1
0.5694757967070307, -0.04219311607580023, 1
1.0669402343423198, 0.7543233037512138, 1
0.6382833460215853, 1.319772111743438, 1
1.8189373862552958, 0.4887197357119609, 1
1.451979930689975, 1.1720990377557172, 1
0.8521514396433184, 1.1048730744195976, 1
1.7194894127340064, 1.2003475539094248, 1
1.1163346864871564, 0.7817125183145046, 1
1.0996745307221643, 0.5983011829534683, 1
1.3452958134712694, 0.6589021809797904, 1
0.9313583206449368, 0.601086807531172, 1
0.658894572538016, 0.16647340382480225, 1
1.353381166911909, 0.20446056554177494, 1
1.056770292465375, 0.43240227135175324, 1
0.5236863466499222, 0.4577402799909852, 1
1.5658120130266013, 1.1645162733796475, 1
0.692578785595509, 0.9121358168798316, 1
0.17723535757822095, -0.06419842781863005, 1
1.271797931792961, 0.7913274202121454, 1
1.635818176457879, 0.8404400065394508, 1
0.7690438838856037, 0.3682867108331055, 1
1.0453337227060404, 1.130887701818238, 1
1.5119526673699428, 0.6573977686441888, 1
1.0457354380294666, 1.1550717742722671, 1
0.43307987941715886, 2.0521022416968853, 1
0.6600031022158559, 0.4051789535808833, 1
1.493622412009149, 0.07320638118469969, 1
0.5018452099301834, 1.6483113943723877, 1
-0.7521805701644033, 1.6648176284904803, 1
1.9376984581001677, 0.9637360867169469, 1
2.484044788368695, 2.4070903645668076, 1
1.2354358213863825, 1.8309375960863283, 1
0.8695410252524248, 2.566070116928465, 1
0.931462922831257, 0.30770154395742166, 1
0.9464998251301965, 0.6876162724205436, 1
0.831478690135842, 1.2457266413383503, 1
1.2884623815352059, 0.1506456514401091, 1
1.1093171926418306, 1.637337718268025, 1
0.5349706681548507, 1.6303148141505839, 1
1.2334291538232427, 1.2435452910598748, 1
1.6436094748624113, 0.3850417431867329, 1
0.8070083699404191, 0.5712425978611996, 1
0.9727954858635561, 2.4216497264102435, 1
0.6502009405717986, 2.052047010924249, 1
1.6547924600314876, 1.2806468856465276, 1
1.5073536535454195, 1.6378709024141582, 1
-0.0873689315650854, 2.536116845182275, 1
1.9591062540939517, 0.6184890769361752, 1
0.4026353070311326, 0.7853830163286901, 1
1.1844541852830712, 1.3356119031752223, 1
1.2626983766199904, 2.173670006833108, 1
0.4759021644738034, 1.7791542310008586, 1
0.6497841087483098, 1.2136375263226038, 1
0.9421502634463189, -0.3074818726583517, 1
1.361997223358968, 1.2355043661701306, 1
0.595038297899649, 1.7775607148795345, 1
1.2858529650944661, 0.5888862676196078, 1
0.7942192243557059, 1.2843955715608515, 1
2.007039487280598, 0.23738099288296688, 1
2.072057863248874, 0.9032845548127297, 1
1.3102323483751772, 0.6926119941700302, 1
0.5966492380747622, 1.242316153773221, 1
1.288772763665627, 0.5313634073544237, 1
1.0691903042520612, 0.7150148933763556, 1
1.350867829828059, 1.3291106121701348, 1
3.081369235805625, 1.4246131383744316, 1
0.739646515750102, 0.7113729349952778, 1
1.3753807663144342, 0.6904817251837467, 1
1.1947782388864567, 1.0281972829689365, 1
1.4259704099023571, 0.9349720746913531, 1
0.2502991734978157, 1.30697787390339, 1
0.16254350016533337, 0.4946620526059926, 1
1.0482675239134487, 1.2647202315549422, 1
1.1197716539744562, 0.7690639423727875, 1
1.8411962053382758, 1.4555301225961743, 1
0.7035676742019559, 1.660507935303294, 1
-0.22045708726784352, 1.4933846871114778, 1
0.41294603721592504, 0.5541541775215064, 1
1.6231550478692371, 0.705827129227885, 1
1.8278486897419466, 0.3756841612855456, 1
1.7659457402580672, 0.16486062515411626, 1
0.827791361363336, 0.580056676243836, 1
1.2394929471224465, 0.47306535071503786, 1
1.2659965334037624, 1.6243864942515631, 1
1.4469892382306315, 0.6987523455470759, 1
0.4784864108227641, 0.566914746300416, 1
0.7429775621086723, 1.3589250593705278, 1
0.913027381514502, 0.5440454392865928, 1
1.884804927668739, 0.15263470192619766, 1
2.5630581961757337, 0.8374787334508386, 1
0.8164578133419219, 0.8214287816034956, 1
1.2409362260747363, 1.9407058505611303, 1
0.9090606933499155, 0.5086001940721563, 1
-0.2205453976716647, 0.8405138530780484, 1
0.8331882282555672, 1.112138122991528, 1
0.8539235380187211, 1.3383428006822746, 1
0.4894955852777835, 1.6590299597808689, 1
2.312444904180931, 1.1904005492421401, 1
1.0640980060113845, 0.5896815079177593, 1
1.7565948830653753, 1.0808879484349014, 1
1.1718991238733343, 1.2481708386386752, 1
0.13552340961741516, 1.7005061558260994, 1
0.6406720346488946, 0.4005700557699542, 1
0.6368568259529074, -0.1667920966357097, 1
0.8909313223242117, 1.7659977518697476, 1
0.6126565952277778, 0.15988217899566926, 1
1.344057193112699, 0.23843045089537995, 1
0.2919010891902172, 0.593461174243199, 1
2.0128531293578833, 1.1047738809188143, 1
2.3304279589425914, 0.9806928102238331, 1
1.549286614583631, 1.05284575169253, 1
2.0495330774573324, 1.3039323741586297, 1
1.100740329422748, 1.1588794547092867, 1
0.8448207926653357, 1.1082732914790698, 1
1.398392184777645, 1.1481909626493212, 1
1.3927548805295176, 1.6236597043487788, 1
0.9953319330149282, 0.9923490057091948, 1
0.8878967269918046, 1.9877746979712394, 1
0.7403898374095901, 1.323992661819265, 1
1.3884078020742447, 1.7146891290711084, 1
1.1737800895771746, 2.466815439646813, 1
0.3852153711010381, 0.8866125627895556, 1
1.1075833742160817, 1.1615268747355307, 1
1.237017900425292, 1.125274542899849, 1
1.6249788758014994, 1.498194916469597, 1
2.5670474982114344, 0.9964442560046141, 1
1.2804047578197653, 1.0737668129227858, 1
-0.14212104553461136, 0.19842026177188565, 1
0.7965614231312671, -0.032499785332334996, 1
-0.1865852622675237, 2.0052239806817296, 1
1.4337475795519286, 0.3902830884713183, 1
1.0878906820988585, 1.7272014805559304, 1
0.6412356463229304, 0.23085400794906008, 1
1.4271820544066647, 1.767190692578383, 1
0.725876932067469, 0.016535514021273734, 1
1.2954015359106852, 1.437521542256243, 1
0.9855207809689822, 1.1364544861665158, 1
1.0741200814789296, 1.3287557479309209, 1
2.0279210220998105, 0.9893902028883808, 1
0.22661615177818362, 1.0865080704466035, 1
0.9623853113383036, 1.6481917488471287, 1
0.619532043022505, 1.5826470497448328, 1
-0.3678691746021976, 1.1003395864870187, 1
0.643104795124942, 1.4888921508815915, 1
1.6700992001478587, 0.5671242690318998, 1
0.4554997038999723, 1.204067405210558, 1
1.1884932308829967, 1.969324250048515, 1
0.7237781631824216, 0.01735663495041706, 1
1.0082731087119525, 0.6539759689635647, 1
0.8975408797957901, 0.5595301879452911, 1
1.4187352744556159, 1.1691152304927723, 1
1.2469929297560327, 1.1177546326301058, 1
1.123309440562473, 1.6888183446793077, 1
0.3743933552589358, 0.144700111301728, 1
1.0351794540099442, 1.7353686159642048, 1
0.45855753838849755, 0.010052820043283006, 1
1.9023211283017616, 1.1611552143020871, 1
1.7413421187317322, 1.5717312202775693, 1
0.1131794230935601, 0.5771875986551949, 1
0.938546221550329, -0.6420744991389729, 1
1.2349971497756242, 1.2876695429885192, 1
1.1656719523438417, 1.0494527692379119, 1
1.424903382183899, 1.6418658371824217, 1
0.6560189596751491, 1.4583399549246239, 1
1.9694465618261785, 1.6468705370283647, 1
0.6147913889289875, 0.9513141302237382, 1
0.5498620257738712, 0.7579446460297437, 1
1.1147799849829292, 0.636454088009899, 1
0.232659685304188, 1.322085144963137, 1
1.2663151552357084, 1.3613977426367352, 1
1.3046518172386081, 1.3690761331561232, 1
0.3772888303001347, 1.5976914432804827, 1
0.8489433995977794, 1.9430682907080363, 1
0.8603956244304688, 0.7190354706974804, 1
1.1545465829357755, 1.0121742842516335, 1
1.6936589060561786, 0.9474883917542508, 1
1.5156390646869464, 1.0170621871480725, 1
1.9819065598462053, 0.8829495164119899, 1
1.2317246608504242, 1.5738203643421949, 1
0.9498622313299236, 1.498123409914446, 1
0.39233771909351456, 0.7932196614272293, 1
0.7925214195098317, 1.2087406047889853, 1
1.684480555570258, 1.1294531345347527, 1
1.560600072499041, 1.9385004059752866, 1
1.0021927027991901, 1.159520019283475, 1
1.1096951729497515, 1.2776505638617346, 1
0.7969087464613307, 0.7979940072743784, 1
1.6121566544324477, 1.1112935465118086, 1
0.8563635203576081, 1.7208662797239542, 1
2.585719203325774, 0.7705874400270651, 1
1.6351370927576077, 0.4969967855790284, 1
1.1469227934590696, 1.1166760595500498, 1
1.863537068118318, 1.6024178740070214, 1
1.2463395264059154, -0.07242543133673607, 1
1.243480839932813, 0.6809717692701273, 1
0.32038158318724774, 1.2137509411497442, 1
2.0328585699853305, 0.6820124546897098, 1
0.6491702704185853, 1.0607879310886168, 1
0.3846971708772381, -0.010832278851582222, 1
1.2411038489962414, 1.2355288625697618, 1
2.06081621926823, 0.7084776928335748, 1
0.9554330938968297, 1.636869746790869, 1
1.6003069218188237, 0.8673326358759987, 1
2.2168421890307517, 0.7937874446340716, 1
0.6749431676277509, 1.0732140474963943, 1
0.3034573479017434, 1.284121922532863, 1
0.8112833260724689, 0.7977109318471493, 1
1.2340953748077972, 0.7184869887928921, 1
0.9124300438024291, 1.352643052470403, 1
0.6854167893202183, 0.12645180481237517, 1
1.1550157437339477, 1.5767046974849654, 1
1.087685158171085, 1.8187812883268575, 1
0.5783090375303079, 0.8051827745126431, 1
0.5505121129576322, 1.3699150996487215, 1
0.6104161203533011, 0.45954223090935564, 1
0.944215139504266, 0.8805532385745647, 1
-0.3006134045620539, 1.2428575786421852, 1
0.8630103825168649, 1.4391316436307977, 1
1.0060796523111333, 0.820895046738879, 1
1.0940220116821964, -0.026219256572431737, 1
2.5174723855980337, 0.9354065537617962, 1
1.4718735800701022, 1.2648140023578343, 1
1.1260448831468508, 1.266188504458317, 1
1.8241094869548675, 0.9663838965395526, 1
1.0407288097730822, 1.2543806449530146, 1
1.1216152617240944, 0.12345994991740916, 1
1.4735788644157517, 0.6633730656805092, 1
0.2129777151277964, 1.1052949183481633, 1
0.9308431437903834, 0.35516717400219444, 1
0.5686667925012284, 1.3910769901141762, 1
0.9157757414032082, 0.23013525926175815, 1
1.3836271688393156, 0.4011482240923784, 1
0.9312544993953833, 1.485817226928068, 1
0.5909037654456709, 0.44562118492109326, 1
0.0653203610921449, 0.6267601443428421, 1
0.9989001222191066, 0.2654868016179077, 1
2.176825219777544, 1.2265551779372035, 1
1.2390268924265975, 1.068189111576167, 1
0.7572563159135914, 2.2370740747071585, 1
0.7291494269938761, -0.02255855429805198, 1
1.7169076036175106, 0.8318293883586115, 1
2.674798887159164, 0.7389229985769703, 1
1.1918640414076478, 0.5311335606877093, 1
0.7428914172036316, 1.1526665832935932, 1
1.822585874758845, 1.4069280938189777, 1
-0.2996313957433723, 1.7592273154579976, 1
